
                  X               _temp_1     

                0.                14.4595     
               38.5885E-03        14.5407     
               74.79E-03          20.5695     
              114.913E-03         21.5447     
              159.862E-03         25.9182     
              215.92E-03          27.9315     
              277.241E-03         31.8713     
              355.734E-03         34.6015     
              485.188E-03         39.9836     
              656.406E-03         44.8957     
              894.889E-03         51.045      
                1.2163            56.7808     
                1.64332           63.0419     




