
                  X               _temp_1     

                0.               965.169      
               54.4868E-03       995.851      
              113.034E-03        638.229      
              179.08E-03         524.483      
              254.025E-03        437.773      
              338.893E-03        382.712      
              435.104E-03        337.833      
              544.453E-03        303.788      
              668.548E-03        275.233      
              809.569E-03        251.72       
              969.856E-03        231.981      
                1.15195          215.293      
                1.35906          200.382      
                1.5944           186.806      
                1.86209          174.531      
                2.16641          163.393      
                2.51248          152.227      
                2.86158          140.917      
                3.27328          129.583      
                3.75855          116.65       
                4.33077           98.7648     
                5.00564           87.9722     




