
                  X               _temp_1     

                0.                63.2479E-36 
               55.6338E-03        20.9289E-03 
              110.475E-03         24.3788E-03 
              175.939E-03         34.2254E-03 
              248.228E-03         38.4182E-03 
              331.861E-03         46.3065E-03 
              425.559E-03         51.0244E-03 
              533.29E-03          57.9675E-03 
              654.868E-03         63.2392E-03 
              793.748E-03         69.8891E-03 
              951.342E-03         75.587E-03  
                1.13091           82.1669E-03 
                1.33497           88.2025E-03 
                1.56725           94.7779E-03 
                1.8314           100.956E-03  
                2.13197          107.376E-03  
                2.4739           113.357E-03  
                2.81897          118.591E-03  
                3.22586          123.562E-03  
                3.70534          127.958E-03  
                4.27086          131.128E-03  
                4.9375           132.517E-03  




